Facebook:210.339504330000096
DBLP:67323.218701520003378
Youtube:101968.590843769983621
Orkut:1573140.659101659897715
Facebook:0.129804560000000
Facebook:1.301938370000001
Facebook:9004.193581730001824
Facebook:14674.038619159997324
Friendster:11265871.145862894132733
